0.2344	45.5237	0.455237
0.7141	45.5192	0.455192
1.1938	45.5147	0.455147
1.6736	45.5101	0.455101
2.1533	45.5056	0.455056
2.633	45.5011	0.455011
3.1103	48.6363	0.486363
3.5901	48.6318	0.486318
4.0698	48.6273	0.486273
4.5495	48.6228	0.486228
5.0293	48.6182	0.486182
5.509	48.6137	0.486137
5.9887	48.6092	0.486092
6.4685	48.6047	0.486047
6.9482	48.6002	0.486002
7.4304	45.4559	0.454559
7.9126	42.3117	0.423117
8.3923	42.3071	0.423071
8.8745	39.1629	0.391629
9.3542	39.1584	0.391584
9.3567	36.0186	0.360186
9.8364	36.0141	0.360141
10.3186	32.8698	0.328698
10.8008	29.7256	0.297256
10.8032	26.5858	0.265858
10.8057	23.4461	0.234461
11.2878	20.3018	0.203018
11.2903	17.1621	0.171621
11.7725	14.0178	0.140178
11.7749	10.8781	0.108781
11.7774	7.7384	0.077384
12.2596	4.5941	0.045941
12.7417	1.4498	0.014498
12.7442	-1.6899	-0.016899
12.7466	-4.8296	-0.048296
13.2288	-7.9739	-0.079739
13.2313	-11.1136	-0.111136
13.7134	-14.2579	-0.142579
13.7159	-17.3976	-0.173976
13.7183	-20.5374	-0.205374
14.2005	-23.6816	-0.236816
14.203	-26.8214	-0.268214
14.6851	-29.9656	-0.299656
14.6876	-33.1054	-0.331054
15.1698	-36.2496	-0.362496
15.1722	-39.3894	-0.393894
15.6544	-42.5336	-0.425336
15.6569	-45.6734	-0.456734
16.139	-48.8176	-0.488176
16.6163	-45.6824	-0.456824
17.0961	-45.6869	-0.456869
17.5733	-42.5517	-0.425517
18.0506	-39.4165	-0.394165
18.5279	-36.2813	-0.362813
19.0077	-36.2858	-0.362858
19.4825	-30.0108	-0.300108
19.4849	-33.1506	-0.331506
19.9622	-30.0153	-0.300153
20.4395	-26.8801	-0.268801
20.9168	-23.7449	-0.237449
21.3941	-20.6097	-0.206097
21.3965	-23.7494	-0.237494
21.8738	-20.6142	-0.206142
22.3511	-17.479	-0.17479
22.8284	-14.3438	-0.143438
23.3057	-11.2085	-0.112085
23.3081	-14.3483	-0.143483
23.7854	-11.213	-0.11213
24.2627	-8.0778	-0.080778
24.74	-4.9426	-0.049426
25.2173	-1.8074	-0.018074
25.2197	-4.9471	-0.049471
25.697	-1.8119	-0.018119
26.1743	1.3233	0.013233
26.654	1.3188	0.013188
27.1338	1.3143	0.013143
27.616	-1.83	-0.0183
28.0957	-1.8345	-0.018345
28.5754	-1.839	-0.01839
29.0552	-1.8435	-0.018435
29.5349	-1.8481	-0.018481
30.0146	-1.8526	-0.018526
30.4968	-4.9968	-0.049968
30.9766	-5.0013	-0.050013
31.4563	-5.0059	-0.050059
31.936	-5.0104	-0.050104
32.4158	-5.0149	-0.050149
32.8979	-8.1592	-0.081592
33.3777	-8.1637	-0.081637
33.8599	-11.3079	-0.113079
34.3396	-11.3125	-0.113125
34.8193	-11.317	-0.11317
34.8218	-14.4567	-0.144567
35.3015	-14.4612	-0.144612
35.304	-17.601	-0.17601
35.7837	-17.6055	-0.176055
36.2634	-17.61	-0.1761
36.2659	-20.7498	-0.207498
36.7456	-20.7543	-0.207543
36.7481	-23.894	-0.23894
36.7505	-27.0338	-0.270338
37.2327	-30.178	-0.30178
37.7124	-30.1825	-0.301825
37.7149	-33.3223	-0.333223
38.1971	-36.4665	-0.364665
38.6792	-39.6108	-0.396108
39.1614	-42.7551	-0.427551
39.6436	-45.8993	-0.458993
40.1233	-45.9038	-0.459038
40.6055	-49.0481	-0.490481
41.0877	-52.1923	-0.521923
41.5674	-52.1969	-0.521969
41.5699	-55.3366	-0.553366
42.0521	-58.4809	-0.584809
42.5342	-61.6251	-0.616251
42.5367	-64.7649	-0.647649
43.0164	-64.7694	-0.647694
43.4986	-67.9136	-0.679136
43.5011	-71.0534	-0.710534
43.9808	-71.0579	-0.710579
44.463	-74.2022	-0.742022
44.9452	-77.3464	-0.773464
44.9476	-80.4862	-0.804862
45.4273	-80.4907	-0.804907
45.9095	-83.6349	-0.836349
46.3917	-86.7792	-0.867792
46.8714	-86.7837	-0.867837
47.3536	-89.928	-0.89928
47.3561	-93.0677	-0.930677
47.8358	-93.0722	-0.930722
48.318	-96.2165	-0.962165
48.8002	-99.3608	-0.993608
49.2824	-102.505	-1.02505
49.7621	-102.5095	-1.025095
50.2418	-102.5141	-1.025141
50.7216	-102.5186	-1.025186
51.2013	-102.5231	-1.025231
51.681	-102.5276	-1.025276
52.1632	-105.6719	-1.056719
52.6429	-105.6764	-1.056764
53.1227	-105.6809	-1.056809
53.6024	-105.6854	-1.056854
54.0822	-105.6899	-1.056899
54.5619	-105.6945	-1.056945
55.0416	-105.699	-1.05699
55.5238	-108.8432	-1.088432
55.5263	-111.983	-1.11983
55.5287	-115.1227	-1.151227
56.0084	-115.1272	-1.151272
56.4906	-118.2715	-1.182715
56.9704	-118.276	-1.18276
57.4525	-121.4203	-1.214203
57.9323	-121.4248	-1.214248
58.412	-121.4293	-1.214293
58.8942	-124.5736	-1.245736
59.3739	-124.5781	-1.245781
59.8537	-124.5826	-1.245826
60.3358	-127.7269	-1.277269
60.8156	-127.7314	-1.277314
61.2953	-127.7359	-1.277359
61.775	-127.7404	-1.277404
62.2572	-130.8847	-1.308847
62.737	-130.8892	-1.308892
63.2167	-130.8937	-1.308937
63.6989	-134.038	-1.34038
64.1786	-134.0425	-1.340425
64.6583	-134.047	-1.34047
65.1381	-134.0515	-1.340515
65.6178	-134.0561	-1.340561
66.0976	-134.0606	-1.340606
66.5797	-137.2048	-1.372048
67.0595	-137.2094	-1.372094
67.5392	-137.2139	-1.372139
68.0214	-140.3581	-1.403581
68.5011	-140.3626	-1.403626
68.9809	-140.3672	-1.403672
69.4606	-140.3717	-1.403717
69.9403	-140.3762	-1.403762
70.4201	-140.3807	-1.403807
70.8998	-140.3852	-1.403852
71.3795	-140.3898	-1.403898
71.8593	-140.3943	-1.403943
72.339	-140.3988	-1.403988
72.8187	-140.4033	-1.404033
73.3009	-143.5476	-1.435476
73.7807	-143.5521	-1.435521
74.2604	-143.5566	-1.435566
74.7401	-143.5611	-1.435611
74.7426	-146.7009	-1.467009
75.2248	-149.8451	-1.498451
75.2272	-152.9849	-1.529849
75.7094	-156.1291	-1.561291
75.7118	-159.2689	-1.592689
76.194	-162.4131	-1.624131
76.1965	-165.5529	-1.655529
76.1989	-168.6926	-1.686926
76.6811	-171.8369	-1.718369
76.6835	-174.9766	-1.749766
76.686	-178.1164	-1.781164
77.1682	-181.2606	-1.812606
77.1706	-184.4004	-1.844004
77.1731	-187.5401	-1.875401
77.6552	-190.6844	-1.906844
77.6577	-193.8241	-1.938241
78.1399	-196.9684	-1.969684
78.1423	-200.1081	-2.001081
78.1448	-203.2478	-2.032478
78.627	-206.3921	-2.063921
78.6294	-209.5318	-2.095318
79.1116	-212.6761	-2.126761
79.114	-215.8158	-2.158158
79.1165	-218.9556	-2.189556
79.5987	-222.0998	-2.220998
79.6011	-225.2396	-2.252396
80.0833	-228.3838	-2.283838
80.0857	-231.5236	-2.315236
80.0882	-234.6633	-2.346633
80.5704	-237.8076	-2.378076
80.5728	-240.9473	-2.409473
80.5753	-244.0871	-2.440871
81.0574	-247.2313	-2.472313
81.0599	-250.3711	-2.503711
81.5396	-250.3756	-2.503756
81.5421	-253.5153	-2.535153
81.5445	-256.6551	-2.566551
82.0267	-259.7993	-2.597993
82.0292	-262.9391	-2.629391
82.0316	-266.0788	-2.660788
82.5138	-269.223	-2.69223
82.5162	-272.3628	-2.723628
82.9984	-275.507	-2.75507
83.0033	-281.7865	-2.817865
83.4855	-284.9308	-2.849308
83.4879	-288.0705	-2.880705
83.4904	-291.2103	-2.912103
83.9701	-291.2148	-2.912148
83.9726	-294.3545	-2.943545
84.4548	-297.4988	-2.974988
84.4572	-300.6385	-3.006385
84.4596	-303.7783	-3.037783
84.9418	-306.9225	-3.069225
84.9443	-310.0623	-3.100623
85.4191	-303.7873	-3.037873
85.4216	-306.927	-3.06927
85.8915	-294.3726	-2.943726
85.894	-297.5123	-2.975123
85.8964	-300.6521	-3.006521
86.3664	-288.0976	-2.880976
86.3688	-291.2374	-2.912374
86.8436	-284.9624	-2.849624
87.3185	-278.6875	-2.786875
87.3209	-281.8272	-2.818272
87.7909	-269.2728	-2.692728
87.7933	-272.4125	-2.724125
87.7958	-275.5522	-2.755522
88.2584	-253.5786	-2.535786
88.2608	-256.7183	-2.567183
88.2633	-259.8581	-2.598581
88.2657	-262.9978	-2.629978
88.2682	-266.1375	-2.661375
88.7332	-247.3036	-2.473036
88.7357	-250.4433	-2.504433
89.1983	-228.4697	-2.284697
89.2007	-231.6094	-2.316094
89.2032	-234.7492	-2.347492
89.2056	-237.8889	-2.378889
89.208	-241.0286	-2.410286
89.2105	-244.1684	-2.441684
89.6682	-215.9152	-2.159152
89.6706	-219.055	-2.19055
89.6731	-222.1947	-2.221947
89.6755	-225.3345	-2.253345
90.143	-209.6403	-2.096403
90.1455	-212.78	-2.1278
90.613	-197.0858	-1.970858
90.6154	-200.2256	-2.002256
90.6179	-203.3653	-2.033653
90.6203	-206.5051	-2.065051
91.0903	-193.9506	-1.939506
91.5651	-187.6757	-1.876757
91.5676	-190.8154	-1.908154
92.04	-181.4007	-1.814007
92.0424	-184.5404	-1.845404
92.5148	-175.1257	-1.751257
92.5172	-178.2655	-1.782655
92.9921	-171.9905	-1.719905
93.4718	-171.995	-1.71995
93.9467	-165.7201	-1.657201
93.9491	-168.8598	-1.688598
94.4239	-162.5848	-1.625848
94.9012	-159.4496	-1.594496
95.3785	-156.3144	-1.563144
95.8534	-150.0394	-1.500394
95.8558	-153.1792	-1.531792
96.3233	-137.485	-1.37485
96.3257	-140.6247	-1.406247
96.3282	-143.7645	-1.437645
96.3306	-146.9042	-1.469042
96.7981	-131.21	-1.3121
96.8006	-134.3498	-1.343498
97.2754	-128.0748	-1.280748
97.7527	-124.9396	-1.249396
98.2276	-118.6646	-1.186646
98.23	-121.8044	-1.218044
98.7048	-115.5294	-1.155294
99.1821	-112.3942	-1.123942
99.657	-106.1192	-1.061192
99.6594	-109.259	-1.09259
100.1343	-102.984	-1.02984
100.6115	-99.8488	-0.998488
101.0864	-93.5738	-0.935738
101.0888	-96.7136	-0.967136
101.5612	-87.2988	-0.872988
101.5637	-90.4386	-0.904386
102.0385	-84.1636	-0.841636
102.041	-87.3034	-0.873034
102.5158	-81.0284	-0.810284
102.9906	-74.7534	-0.747534
102.9931	-77.8932	-0.778932
103.4679	-71.6182	-0.716182
103.4704	-74.758	-0.74758
103.9452	-68.483	-0.68483
104.4274	-71.6273	-0.716273
104.9096	-74.7715	-0.747715
104.912	-77.9113	-0.779113
105.3942	-81.0555	-0.810555
105.3967	-84.1953	-0.841953
105.8764	-84.1998	-0.841998
105.8788	-87.3395	-0.873395
106.361	-90.4838	-0.904838
106.8408	-90.4883	-0.904883
107.3205	-90.4928	-0.904928
107.8002	-90.4973	-0.904973
107.8027	-93.6371	-0.936371
108.2824	-93.6416	-0.936416
108.2848	-96.7813	-0.967813
108.767	-99.9256	-0.999256
108.7695	-103.0653	-1.030653
109.2517	-106.2096	-1.062096
109.2541	-109.3493	-1.093493
109.7363	-112.4936	-1.124936
110.2185	-115.6379	-1.156379
110.2209	-118.7776	-1.187776
110.7031	-121.9219	-1.219219
111.1804	-118.7866	-1.187866
111.6577	-115.6514	-1.156514
112.135	-112.5162	-1.125162
112.6123	-109.381	-1.09381
113.0895	-106.2457	-1.062457
113.5668	-103.1105	-1.031105
114.0441	-99.9753	-0.999753
114.5214	-96.8401	-0.968401
114.9987	-93.7049	-0.937049
115.476	-90.5696	-0.905696
115.9533	-87.4344	-0.874344
116.4306	-84.2992	-0.842992
116.9078	-81.164	-0.81164
117.3851	-78.0287	-0.780287
117.8624	-74.8935	-0.748935
118.3397	-71.7583	-0.717583
118.817	-68.6231	-0.686231
119.2943	-65.4879	-0.654879
119.7716	-62.3526	-0.623526
120.2489	-59.2174	-0.592174
120.7237	-52.9425	-0.529425
120.7261	-56.0822	-0.560822
121.2034	-52.947	-0.52947
121.6783	-46.672	-0.46672
121.6807	-49.8117	-0.498117
122.158	-46.6765	-0.466765
122.6353	-43.5413	-0.435413
123.1101	-37.2663	-0.372663
123.1126	-40.4061	-0.404061
123.5874	-34.1311	-0.341311
124.0647	-30.9959	-0.309959
124.542	-27.8607	-0.278607
125.0217	-27.8652	-0.278652
125.499	-24.73	-0.2473
125.9787	-24.7345	-0.247345
126.4585	-24.739	-0.24739
126.9382	-24.7435	-0.247435
127.4155	-21.6083	-0.216083
127.8952	-21.6128	-0.216128
128.375	-21.6173	-0.216173
128.8547	-21.6219	-0.216219
129.3344	-21.6264	-0.216264
129.8142	-21.6309	-0.216309
130.2939	-21.6354	-0.216354
130.7736	-21.6399	-0.216399
131.2534	-21.6445	-0.216445
131.7331	-21.649	-0.21649
132.2129	-21.6535	-0.216535
132.6926	-21.658	-0.21658
133.1723	-21.6625	-0.216625
133.6521	-21.6671	-0.216671
134.1342	-24.8113	-0.248113
134.614	-24.8158	-0.248158
135.0962	-27.9601	-0.279601
135.5783	-31.1043	-0.311043
136.0581	-31.1089	-0.311089
136.0605	-34.2486	-0.342486
136.5427	-37.3929	-0.373929
136.5452	-40.5326	-0.405326
137.0273	-43.6769	-0.436769
137.5095	-46.8211	-0.468211
137.512	-49.9609	-0.499609
137.9941	-53.1051	-0.531051
137.9966	-56.2449	-0.562449
137.999	-59.3846	-0.593846
138.4812	-62.5289	-0.625289
138.4837	-65.6686	-0.656686
138.4861	-68.8083	-0.688083
138.4886	-71.9481	-0.719481
138.9707	-75.0923	-0.750923
138.9732	-78.2321	-0.782321
139.4529	-78.2366	-0.782366
139.4554	-81.3763	-0.813763
139.9376	-84.5206	-0.845206
139.94	-87.6603	-0.876603
140.4222	-90.8046	-0.908046
140.9044	-93.9489	-0.939489
141.3866	-97.0931	-0.970931
141.389	-100.2329	-1.002329
141.8712	-103.3771	-1.033771
141.8736	-106.5169	-1.065169
142.3558	-109.6611	-1.096611
142.838	-112.8054	-1.128054
143.3202	-115.9496	-1.159496
143.3226	-119.0894	-1.190894
143.8048	-122.2336	-1.222336
143.8073	-125.3734	-1.253734
144.287	-125.3779	-1.253779
144.2894	-128.5176	-1.285176
144.7716	-131.6619	-1.316619
145.2465	-125.3869	-1.253869
145.2489	-128.5267	-1.285267
145.7238	-122.2517	-1.222517
146.201	-119.1165	-1.191165
146.2035	-122.2562	-1.222562
146.6783	-115.9813	-1.159813
147.1532	-109.7063	-1.097063
147.1556	-112.846	-1.12846
147.6305	-106.5711	-1.065711
147.6329	-109.7108	-1.097108
148.1077	-103.4359	-1.034359
148.585	-100.3006	-1.003006
149.0623	-97.1654	-0.971654
149.5396	-94.0302	-0.940302
150.0169	-90.895	-0.90895
150.4942	-87.7598	-0.877598
150.9715	-84.6245	-0.846245
151.4488	-81.4893	-0.814893
151.9236	-75.2144	-0.752144
151.926	-78.3541	-0.783541
152.4033	-75.2189	-0.752189
152.8782	-68.9439	-0.689439
152.8806	-72.0836	-0.720836
153.3579	-68.9484	-0.689484
153.8352	-65.8132	-0.658132
154.31	-59.5382	-0.595382
154.3125	-62.678	-0.62678
154.7898	-59.5428	-0.595428
155.2646	-53.2678	-0.532678
155.267	-56.4075	-0.564075
155.7419	-50.1326	-0.501326
156.2192	-46.9974	-0.469974
156.2216	-50.1371	-0.501371
156.6965	-43.8621	-0.438621
157.1762	-43.8667	-0.438667
157.651	-37.5917	-0.375917
157.6535	-40.7314	-0.407314
158.1283	-34.4565	-0.344565
158.6056	-31.3212	-0.313212
158.6081	-34.461	-0.34461
159.0829	-28.186	-0.28186
159.5602	-25.0508	-0.250508
159.5626	-28.1905	-0.281905
160.0375	-21.9156	-0.219156
160.5148	-18.7804	-0.187804
160.992	-15.6451	-0.156451
160.9945	-18.7849	-0.187849
161.4693	-12.5099	-0.125099
161.9466	-9.3747	-0.093747
161.9491	-12.5144	-0.125144
162.4239	-6.2395	-0.062395
162.9012	-3.1042	-0.031042
163.3785	0.031	0.00031
163.8558	3.1662	0.031662
164.3331	6.3014	0.063014
164.3355	3.1617	0.031617
164.8103	9.4366	0.094366
165.2876	12.5719	0.125719
165.7649	15.7071	0.157071
166.2447	15.7026	0.157026
166.7268	12.5583	0.125583
166.7293	9.4186	0.094186
167.2115	6.2743	0.062743
167.2139	3.1346	0.031346
167.6961	9.70E-03	0.000096964
167.6985	-3.1494	-0.031494
168.1807	-6.2937	-0.062937
168.6629	-9.438	-0.09438
169.1451	-12.5822	-0.125822
169.1475	-15.722	-0.15722
169.15	-18.8617	-0.188617
169.1524	-22.0014	-0.220014
169.6346	-25.1457	-0.251457
169.6371	-28.2854	-0.282854
170.1192	-31.4297	-0.314297
170.1217	-34.5694	-0.345694
170.6039	-37.7137	-0.377137
170.6063	-40.8534	-0.408534
171.0885	-43.9977	-0.439977
171.091	-47.1374	-0.471374
171.5731	-50.2817	-0.502817
171.5756	-53.4214	-0.534214
171.578	-56.5612	-0.565612
172.0602	-59.7054	-0.597054
172.0627	-62.8452	-0.628452
172.5448	-65.9894	-0.659894
172.5473	-69.1292	-0.691292
172.5497	-72.2689	-0.722689
172.5522	-75.4087	-0.754087
173.0344	-78.5529	-0.785529
173.5166	-81.6972	-0.816972
173.519	-84.8369	-0.848369
173.5214	-87.9767	-0.879767
173.5239	-91.1164	-0.911164
174.0061	-94.2607	-0.942607
174.0085	-97.4004	-0.974004
174.4907	-100.5447	-1.005447
174.4932	-103.6844	-1.036844
174.4956	-106.8241	-1.068241
174.9778	-109.9684	-1.099684
175.46	-113.1127	-1.131127
175.4624	-116.2524	-1.162524
175.4649	-119.3921	-1.193921
175.4673	-122.5319	-1.225319
175.4698	-125.6716	-1.256716
175.9519	-128.8159	-1.288159
175.9544	-131.9556	-1.319556
176.4366	-135.0999	-1.350999
176.439	-138.2396	-1.382396
176.4415	-141.3794	-1.413794
176.9237	-144.5236	-1.445236
176.9261	-147.6634	-1.476634
176.9285	-150.8031	-1.508031
177.4107	-153.9474	-1.539474
177.4132	-157.0871	-1.570871
177.8954	-160.2314	-1.602314
178.3775	-163.3756	-1.633756
178.38	-166.5154	-1.665154
178.8622	-169.6596	-1.696596
178.8622	-169.6596	-1.696596
178.8646	-172.7994	-1.727994
179.3419	-169.6641	-1.696641
179.8241	-172.8084	-1.728084
180.3038	-172.8129	-1.728129
180.7836	-172.8174	-1.728174
181.2633	-172.8219	-1.728219
181.7406	-169.6867	-1.696867
182.2203	-169.6912	-1.696912
182.6976	-166.556	-1.66556
183.1749	-163.4208	-1.634208
183.6546	-163.4253	-1.634253
184.1319	-160.2901	-1.602901
184.6116	-160.2946	-1.602946
185.0914	-160.2991	-1.602991
185.5711	-160.3037	-1.603037
186.0484	-157.1684	-1.571684
186.0509	-160.3082	-1.603082
186.5281	-157.1729	-1.571729
187.0079	-157.1775	-1.571775
187.4852	-154.0422	-1.540422
187.9649	-154.0468	-1.540468
188.4446	-154.0513	-1.540513
188.9219	-150.9161	-1.509161
189.4017	-150.9206	-1.509206
189.8814	-150.9251	-1.509251
190.3611	-150.9296	-1.509296
190.8409	-150.9341	-1.509341
191.3206	-150.9387	-1.509387
191.7979	-147.8034	-1.478034
192.2776	-147.808	-1.47808
192.7573	-147.8125	-1.478125
193.2371	-147.817	-1.47817
193.7168	-147.8215	-1.478215
194.1966	-147.826	-1.47826
194.6763	-147.8305	-1.478305
195.156	-147.8351	-1.478351
195.6358	-147.8396	-1.478396
196.1155	-147.8441	-1.478441
196.5952	-147.8486	-1.478486
197.075	-147.8531	-1.478531
197.5547	-147.8577	-1.478577
198.0344	-147.8622	-1.478622
198.5142	-147.8667	-1.478667
198.9964	-151.011	-1.51011
199.4761	-151.0155	-1.510155
199.9558	-151.02	-1.5102
200.4356	-151.0245	-1.510245
200.9153	-151.029	-1.51029
201.395	-151.0335	-1.510335
201.8748	-151.0381	-1.510381
202.3569	-154.1823	-1.541823
202.8367	-154.1868	-1.541868
203.3164	-154.1914	-1.541914
203.7961	-154.1959	-1.541959
204.2783	-157.3401	-1.573401
204.7581	-157.3447	-1.573447
205.2402	-160.4889	-1.604889
205.7224	-163.6332	-1.636332
206.2046	-166.7774	-1.667774
206.6843	-166.782	-1.66782
207.1665	-169.9262	-1.699262
207.6487	-173.0705	-1.730705
207.6512	-176.2102	-1.762102
208.1309	-176.2147	-1.762147
208.6131	-179.359	-1.79359
208.6155	-182.4987	-1.824987
209.0953	-182.5033	-1.825033
209.575	-182.5078	-1.825078
210.0547	-182.5123	-1.825123
210.5345	-182.5168	-1.825168
211.0142	-182.5213	-1.825213
211.4915	-179.3861	-1.793861
211.9688	-176.2509	-1.762509
212.4485	-176.2554	-1.762554
212.9258	-173.1202	-1.731202
213.4055	-173.1247	-1.731247
213.408	-176.2644	-1.762644
213.8902	-179.4087	-1.794087
213.8926	-182.5484	-1.825484
214.3748	-185.6927	-1.856927
214.3772	-188.8324	-1.888324
214.857	-188.837	-1.88837
214.8594	-191.9767	-1.919767
215.3416	-195.121	-1.95121
215.3441	-198.2607	-1.982607
215.8262	-201.405	-2.01405
215.8287	-204.5447	-2.045447
216.3109	-207.689	-2.07689
216.793	-210.8332	-2.108332
216.7955	-213.973	-2.13973
217.2777	-217.1172	-2.171172
217.2801	-220.257	-2.20257
217.2826	-223.3967	-2.233967
217.7648	-226.541	-2.26541
217.7672	-229.6807	-2.296807
217.7696	-232.8204	-2.328204
217.7721	-235.9602	-2.359602
218.2543	-239.1044	-2.391044
218.2567	-242.2442	-2.422442
218.7389	-245.3884	-2.453884
218.7414	-248.5282	-2.485282
219.2235	-251.6724	-2.516724
219.226	-254.8122	-2.548122
219.7082	-257.9564	-2.579564
219.7106	-261.0962	-2.610962
219.7131	-264.2359	-2.642359
220.1928	-264.2404	-2.642404
220.6725	-264.245	-2.64245
221.1523	-264.2495	-2.642495
221.632	-264.254	-2.64254
222.1117	-264.2585	-2.642585
222.5915	-264.263	-2.64263
223.0712	-264.2675	-2.642675
223.5509	-264.2721	-2.642721
224.0307	-264.2766	-2.642766
224.5104	-264.2811	-2.642811
224.9901	-264.2856	-2.642856
225.4699	-264.2901	-2.642901
225.9496	-264.2947	-2.642947
226.4294	-264.2992	-2.642992
226.4318	-267.4389	-2.674389
226.4342	-270.5787	-2.705787
226.4367	-273.7184	-2.737184
226.9189	-276.8627	-2.768627
227.4011	-280.0069	-2.800069
227.4035	-283.1467	-2.831467
227.8857	-286.2909	-2.862909
227.8881	-289.4307	-2.894307
228.3703	-292.5749	-2.925749
228.3728	-295.7147	-2.957147
228.8525	-295.7192	-2.957192
228.855	-298.8589	-2.988589
229.3371	-302.0032	-3.020032
229.8193	-305.1474	-3.051474
229.8218	-308.2872	-3.082872
230.3015	-308.2917	-3.082917
230.3039	-311.4314	-3.114314
230.7861	-314.5757	-3.145757
231.2683	-317.72	-3.1772
231.2708	-320.8597	-3.208597
231.7505	-320.8642	-3.208642
231.7529	-324.004	-3.24004
232.2351	-327.1482	-3.271482
232.2376	-330.288	-3.30288
232.7198	-333.4322	-3.334322
233.2019	-336.5765	-3.365765
233.6841	-339.7207	-3.397207
234.1663	-342.865	-3.42865
234.6485	-346.0092	-3.460092
235.1307	-349.1535	-3.491535
235.6128	-352.2978	-3.522978
235.6153	-355.4375	-3.554375
236.0975	-358.5818	-3.585818
236.5797	-361.726	-3.61726
236.5821	-364.8658	-3.648658
237.0643	-368.01	-3.6801
237.0667	-371.1498	-3.711498
237.5489	-374.294	-3.74294
237.5514	-377.4338	-3.774338
238.0336	-380.578	-3.80578
238.5157	-383.7223	-3.837223
238.5182	-386.862	-3.86862
239.0028	-393.146	-3.93146
239.0053	-396.2858	-3.962858
239.0077	-399.4255	-3.994255
239.4899	-402.5698	-4.025698
239.4923	-405.7095	-4.057095
239.4948	-408.8492	-4.088492
239.4972	-411.989	-4.11989
239.4997	-415.1287	-4.151287
239.5021	-418.2685	-4.182685
239.9843	-421.4127	-4.214127
240.464	-421.4172	-4.214172
240.4665	-424.557	-4.24557
240.9487	-427.7012	-4.277012
240.9511	-430.841	-4.30841
241.4333	-433.9852	-4.339852
241.4358	-437.125	-4.37125
241.9155	-437.1295	-4.371295
241.9179	-440.2692	-4.402692
242.4001	-443.4135	-4.434135
242.8823	-446.5578	-4.465578
243.362	-446.5623	-4.465623
243.3645	-449.702	-4.49702
243.8467	-452.8463	-4.528463
244.3264	-452.8508	-4.528508
244.8086	-455.9951	-4.559951
244.811	-459.1348	-4.591348
245.2908	-459.1393	-4.591393
245.7729	-462.2836	-4.622836
245.7754	-465.4233	-4.654233
246.2576	-468.5676	-4.685676
246.26	-471.7073	-4.717073
246.2625	-474.8471	-4.748471
246.7373	-468.5721	-4.685721
246.7398	-471.7118	-4.717118
247.2146	-465.4369	-4.654369
247.217	-468.5766	-4.685766
247.6919	-462.3017	-4.623017
248.1667	-456.0267	-4.560267
248.1692	-459.1664	-4.591664
248.644	-452.8915	-4.528915
248.6465	-456.0312	-4.560312
249.1213	-449.7562	-4.497562
249.601	-449.7608	-4.497608
250.0832	-452.905	-4.52905
250.563	-452.9095	-4.529095
251.0427	-452.9141	-4.529141
251.5224	-452.9186	-4.529186
252.0046	-456.0628	-4.560628
252.4843	-456.0674	-4.560674
252.9641	-456.0719	-4.560719
253.4438	-456.0764	-4.560764
253.9235	-456.0809	-4.560809
254.4033	-456.0854	-4.560854
254.8855	-459.2297	-4.592297
255.3652	-459.2342	-4.592342
255.8449	-459.2387	-4.592387
256.3247	-459.2432	-4.592432
256.8044	-459.2478	-4.592478
257.2817	-456.1125	-4.561125
257.7614	-456.1171	-4.561171
258.2412	-456.1216	-4.561216
258.7184	-452.9864	-4.529864
259.1982	-452.9909	-4.529909
259.673	-446.7159	-4.467159
259.6755	-449.8557	-4.498557
259.6779	-452.9954	-4.529954
260.1479	-440.441	-4.40441
260.1503	-443.5807	-4.435807
260.6227	-434.166	-4.34166
260.6251	-437.3057	-4.373057
261.1	-431.0308	-4.310308
261.1024	-434.1705	-4.341705
261.5699	-418.4763	-4.184763
261.5724	-421.6161	-4.216161
261.5748	-424.7558	-4.247558
261.5773	-427.8955	-4.278955
262.0472	-415.3411	-4.153411
262.5245	-412.2059	-4.122059
263.0018	-409.0707	-4.090707
263.4791	-405.9354	-4.059354
263.9564	-402.8002	-4.028002
264.4361	-402.8047	-4.028047
264.9158	-402.8093	-4.028093
265.3956	-402.8138	-4.028138
265.398	-405.9535	-4.059535
265.4005	-409.0933	-4.090933
265.8827	-412.2375	-4.122375
265.8851	-415.3773	-4.153773
265.8875	-418.517	-4.18517
265.89	-421.6567	-4.216567
266.3722	-424.801	-4.24801
266.3746	-427.9407	-4.279407
266.3771	-431.0805	-4.310805
266.3795	-434.2202	-4.342202
266.8617	-437.3645	-4.373645
266.8641	-440.5042	-4.405042
266.8666	-443.644	-4.43644
266.869	-446.7837	-4.467837
267.3512	-449.928	-4.49928
267.3537	-453.0677	-4.530677
267.3561	-456.2074	-4.562074
267.3586	-459.3472	-4.593472
267.8383	-459.3517	-4.593517
267.8408	-462.4914	-4.624914
267.8432	-465.6312	-4.656312
267.8456	-468.7709	-4.687709
268.3278	-471.9152	-4.719152
268.3303	-475.0549	-4.750549
268.3327	-478.1947	-4.781947
268.3352	-481.3344	-4.813344
268.8174	-484.4787	-4.844787
269.2995	-487.6229	-4.876229
269.7817	-490.7672	-4.907672
270.2615	-490.7717	-4.907717
270.2639	-493.9114	-4.939114
270.7436	-493.916	-4.93916
271.2258	-497.0602	-4.970602
271.7007	-490.7852	-4.907852
271.7031	-493.925	-4.93925
272.1804	-490.7898	-4.907898
272.6552	-484.5148	-4.845148
272.6577	-487.6545	-4.876545
273.1325	-481.3796	-4.813796
273.6098	-478.2444	-4.782444
274.0846	-471.9694	-4.719694
274.0871	-475.1091	-4.751091
274.5619	-468.8342	-4.688342
275.0392	-465.699	-4.65699
275.0417	-468.8387	-4.688387
275.5116	-456.2843	-4.562843
275.5141	-459.424	-4.59424
275.5165	-462.5637	-4.625637
275.9816	-443.7298	-4.437298
275.984	-446.8696	-4.468696
275.9865	-450.0093	-4.500093
275.9889	-453.149	-4.53149
276.4491	-428.0356	-4.280356
276.4515	-431.1754	-4.311754
276.454	-434.3151	-4.343151
276.4564	-437.4548	-4.374548
276.4588	-440.5946	-4.405946
276.9141	-409.2017	-4.092017
276.9166	-412.3414	-4.123414
276.919	-415.4812	-4.154812
276.9214	-418.6209	-4.186209
276.9239	-421.7607	-4.217607
276.9263	-424.9004	-4.249004
277.3816	-393.5075	-3.935075
277.384	-396.6473	-3.966473
277.3865	-399.787	-3.99787
277.3889	-402.9267	-4.029267
277.3914	-406.0665	-4.060665
277.8442	-371.5339	-3.715339
277.8467	-374.6736	-3.746736
277.8491	-377.8133	-3.778133
277.8515	-380.9531	-3.809531
277.854	-384.0928	-3.840928
277.8564	-387.2326	-3.872326
277.8589	-390.3723	-3.903723
278.3141	-358.9794	-3.589794
278.3166	-362.1192	-3.621192
278.319	-365.2589	-3.652589
278.3215	-368.3986	-3.683986
278.7767	-337.0057	-3.370057
278.7792	-340.1455	-3.401455
278.7816	-343.2852	-3.432852
278.7841	-346.425	-3.46425
278.7865	-349.5647	-3.495647
278.789	-352.7044	-3.527044
278.7914	-355.8442	-3.558442
279.2491	-327.591	-3.27591
279.2516	-330.7308	-3.307308
279.254	-333.8705	-3.338705
279.7191	-315.0366	-3.150366
279.7215	-318.1763	-3.181763
279.724	-321.3161	-3.213161
279.7264	-324.4558	-3.244558
280.1866	-299.3424	-2.993424
280.189	-302.4822	-3.024822
280.1915	-305.6219	-3.056219
280.1939	-308.7616	-3.087616
280.1964	-311.9014	-3.119014
280.659	-289.9277	-2.899277
280.6614	-293.0675	-2.930675
280.6639	-296.2072	-2.962072
281.1363	-286.7925	-2.867925
281.6111	-280.5175	-2.805175
281.6135	-283.6573	-2.836573
282.0859	-274.2426	-2.742426
282.0884	-277.3823	-2.773823
282.5657	-274.2471	-2.742471
283.0405	-267.9721	-2.679721
283.043	-271.1119	-2.711119
283.5178	-264.8369	-2.648369
283.9951	-261.7017	-2.617017
284.4748	-261.7062	-2.617062
284.9497	-255.4312	-2.554312
284.9521	-258.571	-2.58571
285.427	-252.296	-2.52296
285.9067	-252.3005	-2.523005
286.3864	-252.3051	-2.523051
286.8637	-249.1698	-2.491698
287.3434	-249.1743	-2.491743
287.8232	-249.1789	-2.491789
288.3005	-246.0436	-2.460436
288.7802	-246.0482	-2.460482
289.2599	-246.0527	-2.460527
289.7372	-242.9175	-2.429175
290.217	-242.922	-2.42922
290.6967	-242.9265	-2.429265
291.1764	-242.931	-2.42931
291.6562	-242.9355	-2.429355
292.1359	-242.9401	-2.429401
292.6156	-242.9446	-2.429446
293.0954	-242.9491	-2.429491
293.5751	-242.9536	-2.429536
294.0548	-242.9581	-2.429581
294.5346	-242.9626	-2.429626
295.0143	-242.9672	-2.429672
295.494	-242.9717	-2.429717
295.9738	-242.9762	-2.429762
296.4535	-242.9807	-2.429807
296.9332	-242.9852	-2.429852
297.413	-242.9898	-2.429898
297.8927	-242.9943	-2.429943
298.3725	-242.9988	-2.429988
298.8522	-243.0033	-2.430033
299.3344	-246.1476	-2.461476
299.8166	-249.2918	-2.492918
299.819	-252.4316	-2.524316
300.2987	-252.4361	-2.524361
300.7809	-255.5804	-2.555804
300.7834	-258.7201	-2.587201
301.2655	-261.8644	-2.618644
301.7453	-261.8689	-2.618689
301.7477	-265.0086	-2.650086
302.2299	-268.1529	-2.681529
302.7121	-271.2971	-2.712971
303.1943	-274.4414	-2.744414
303.6765	-277.5856	-2.775856
304.1562	-277.5902	-2.775902
304.1586	-280.7299	-2.807299
304.6408	-283.8742	-2.838742
305.123	-287.0184	-2.870184
305.6052	-290.1627	-2.901627
306.0874	-293.3069	-2.933069
306.0898	-296.4467	-2.964467
306.5696	-296.4512	-2.964512
307.0517	-299.5955	-2.995955
307.0542	-302.7352	-3.027352
307.5364	-305.8795	-3.058795
308.0161	-305.884	-3.05884
308.0185	-309.0237	-3.090237
308.5007	-312.168	-3.12168
308.9829	-315.3122	-3.153122
309.4651	-318.4565	-3.184565
309.9473	-321.6008	-3.216008
310.4295	-324.745	-3.24745
310.9116	-327.8893	-3.278893
311.3938	-331.0335	-3.310335
311.876	-334.1778	-3.341778
312.3582	-337.3221	-3.373221
312.8404	-340.4663	-3.404663
313.3226	-343.6106	-3.436106
313.8047	-346.7548	-3.467548
314.2869	-349.8991	-3.498991
314.7691	-353.0434	-3.530434
315.2513	-356.1876	-3.561876
315.7335	-359.3319	-3.593319
316.2132	-359.3364	-3.593364
316.6929	-359.3409	-3.593409
316.6954	-362.4806	-3.624806
316.6978	-365.6204	-3.656204
317.18	-368.7646	-3.687646
317.1825	-371.9044	-3.719044
317.1849	-375.0441	-3.750441
317.1874	-378.1839	-3.781839
317.6695	-381.3281	-3.813281
318.1517	-384.4724	-3.844724
318.6315	-384.4769	-3.844769
319.1136	-387.6212	-3.876212
319.1161	-390.7609	-3.907609
319.5958	-390.7654	-3.907654
320.0756	-390.7699	-3.907699
320.078	-393.9097	-3.939097
320.5504	-384.495	-3.84495
320.5528	-387.6347	-3.876347
320.5553	-390.7745	-3.907745
321.0252	-378.22	-3.7822
321.0277	-381.3598	-3.813598
321.4976	-368.8053	-3.688053
321.5001	-371.9451	-3.719451
321.5025	-375.0848	-3.750848
321.9725	-362.5304	-3.625304
321.9749	-365.6701	-3.656701
322.4473	-356.2554	-3.562554
322.4498	-359.3951	-3.593951
322.9221	-349.9804	-3.499804
322.9246	-353.1202	-3.531202
323.397	-343.7055	-3.437055
323.3994	-346.8452	-3.468452
323.8718	-337.4305	-3.374305
323.8743	-340.5702	-3.405702
324.3491	-334.2953	-3.342953
324.3516	-337.435	-3.37435
324.8264	-331.1601	-3.311601
325.3086	-334.3043	-3.343043
325.311	-337.4441	-3.374441
325.7908	-337.4486	-3.374486
325.7932	-340.5883	-3.405883
326.2754	-343.7326	-3.437326
326.7576	-346.8768	-3.468768
326.76	-350.0166	-3.500166
327.2398	-350.0211	-3.500211
327.2422	-353.1608	-3.531608
327.7244	-356.3051	-3.563051
328.2066	-359.4494	-3.594494
328.209	-362.5891	-3.625891
328.2115	-365.7288	-3.657288
328.6937	-368.8731	-3.688731
328.6961	-372.0128	-3.720128
329.1783	-375.1571	-3.751571
329.1807	-378.2968	-3.782968
329.1832	-381.4366	-3.814366
329.6629	-381.4411	-3.814411
329.6654	-384.5808	-3.845808
330.1475	-387.7251	-3.877251
330.15	-390.8648	-3.908648
330.6322	-394.0091	-3.940091
330.6346	-397.1488	-3.971488
331.1168	-400.2931	-4.002931
331.599	-403.4374	-4.034374
332.0812	-406.5816	-4.065816
332.5634	-409.7259	-4.097259
333.0455	-412.8701	-4.128701
333.5253	-412.8746	-4.128746
334.005	-412.8792	-4.128792
334.4872	-416.0234	-4.160234
334.9694	-419.1677	-4.191677
335.4491	-419.1722	-4.191722
335.9288	-419.1767	-4.191767
336.4086	-419.1812	-4.191812
336.8883	-419.1858	-4.191858
337.368	-419.1903	-4.191903
337.8478	-419.1948	-4.191948
338.3251	-416.0596	-4.160596
338.8048	-416.0641	-4.160641
339.2845	-416.0686	-4.160686
339.7643	-416.0731	-4.160731
340.244	-416.0777	-4.160777
340.7237	-416.0822	-4.160822
341.2035	-416.0867	-4.160867
341.6832	-416.0912	-4.160912
342.1605	-412.956	-4.12956
342.6378	-409.8208	-4.098208
343.1175	-409.8253	-4.098253
343.5924	-403.5503	-4.035503
343.5948	-406.6901	-4.066901
344.0721	-403.5548	-4.035548
344.5494	-400.4196	-4.004196
345.0267	-397.2844	-3.972844
345.504	-394.1492	-3.941492
345.9837	-394.1537	-3.941537
346.4585	-387.8787	-3.878787
346.461	-391.0185	-3.910185
346.9383	-387.8832	-3.878832
347.4156	-384.748	-3.84748
347.8953	-384.7525	-3.847525
348.375	-384.7571	-3.847571
348.8548	-384.7616	-3.847616
349.3296	-378.4866	-3.784866
349.332	-381.6264	-3.816264
349.8093	-378.4911	-3.784911
350.2891	-378.4957	-3.784957
350.7688	-378.5002	-3.785002
351.2461	-375.365	-3.75365
351.7258	-375.3695	-3.753695
352.2056	-375.374	-3.75374
352.6853	-375.3785	-3.753785
353.1626	-372.2433	-3.722433
353.6448	-375.3875	-3.753875
354.1269	-378.5318	-3.785318
354.6091	-381.6761	-3.816761
354.6116	-384.8158	-3.848158
355.0938	-387.9601	-3.879601
355.0962	-391.0998	-3.910998
355.5784	-394.2441	-3.942441
355.5808	-397.3838	-3.973838
356.063	-400.5281	-4.005281
356.0655	-403.6678	-4.036678
356.5476	-406.8121	-4.068121
356.5501	-409.9518	-4.099518
357.0323	-413.0961	-4.130961
357.0347	-416.2358	-4.162358
357.5169	-419.3801	-4.193801
357.5194	-422.5198	-4.225198
357.5218	-425.6595	-4.256595
358.004	-428.8038	-4.288038
358.0064	-431.9435	-4.319435
358.4886	-435.0878	-4.350878
358.4911	-438.2275	-4.382275
358.4935	-441.3673	-4.413673
358.9757	-444.5115	-4.445115
358.9781	-447.6513	-4.476513
358.9806	-450.791	-4.50791
358.983	-453.9308	-4.539308
359.4652	-457.075	-4.57075
359.4677	-460.2148	-4.602148
359.9498	-463.359	-4.63359
359.9523	-466.4988	-4.664988
360.4345	-469.643	-4.69643
360.4369	-472.7828	-4.727828
360.4394	-475.9225	-4.759225
360.4418	-479.0622	-4.790622
360.4443	-482.202	-4.82202
360.4467	-485.3417	-4.853417
360.9289	-488.486	-4.88486
360.9313	-491.6257	-4.916257
360.9338	-494.7655	-4.947655
360.9362	-497.9052	-4.979052
361.4184	-501.0495	-5.010495
361.4209	-504.1892	-5.041892
361.9031	-507.3335	-5.073335
361.9055	-510.4732	-5.104732
361.9079	-513.6129	-5.136129
361.9104	-516.7527	-5.167527
361.9128	-519.8924	-5.198924
362.395	-523.0367	-5.230367
362.3975	-526.1764	-5.261764
362.3999	-529.3162	-5.293162
362.4024	-532.4559	-5.324559
362.4048	-535.5956	-5.355956
362.887	-538.7399	-5.387399
362.8894	-541.8796	-5.418796
363.3692	-541.8842	-5.418842
363.3716	-545.0239	-5.450239
363.8514	-545.0284	-5.450284
363.8538	-548.1682	-5.481682
363.8563	-551.3079	-5.513079
364.3384	-554.4522	-5.544522
364.3409	-557.5919	-5.575919
364.3433	-560.7316	-5.607316
364.8255	-563.8759	-5.638759
364.828	-567.0156	-5.670156
365.3077	-567.0202	-5.670202
365.7874	-567.0247	-5.670247
366.2672	-567.0292	-5.670292
366.7445	-563.894	-5.63894
367.2242	-563.8985	-5.638985
367.7015	-560.7633	-5.607633
368.1812	-560.7678	-5.607678
368.661	-560.7723	-5.607723
369.1382	-557.6371	-5.576371
369.618	-557.6416	-5.576416
370.0977	-557.6461	-5.576461
370.575	-554.5109	-5.545109
371.0547	-554.5154	-5.545154
371.5345	-554.5199	-5.545199
372.0142	-554.5245	-5.545245
372.4915	-551.3892	-5.513892
372.9712	-551.3938	-5.513938
373.451	-551.3983	-5.513983
373.9307	-551.4028	-5.514028
374.4104	-551.4073	-5.514073
374.8902	-551.4118	-5.514118
375.3699	-551.4164	-5.514164
375.8496	-551.4209	-5.514209
376.3294	-551.4254	-5.514254
376.8091	-551.4299	-5.514299
377.2888	-551.4344	-5.514344
377.7686	-551.439	-5.51439
378.2483	-551.4435	-5.514435
378.728	-551.448	-5.51448
379.2078	-551.4525	-5.514525
379.6875	-551.457	-5.51457
380.1672	-551.4615	-5.514615
380.647	-551.4661	-5.514661
381.1267	-551.4706	-5.514706
381.6065	-551.4751	-5.514751
382.0862	-551.4796	-5.514796
382.5659	-551.4841	-5.514841
383.0457	-551.4887	-5.514887
383.5254	-551.4932	-5.514932
384.0051	-551.4977	-5.514977
384.4849	-551.5022	-5.515022
384.9646	-551.5067	-5.515067
385.4443	-551.5112	-5.515112
385.9265	-554.6555	-5.546555
385.929	-557.7952	-5.577952
386.4087	-557.7998	-5.577998
386.8884	-557.8043	-5.578043
387.3706	-560.9485	-5.609485
387.8528	-564.0928	-5.640928
388.335	-567.2371	-5.672371
388.8147	-567.2416	-5.672416
389.2969	-570.3858	-5.703858
389.7766	-570.3904	-5.703904
390.2588	-573.5346	-5.735346
390.741	-576.6789	-5.766789
391.2207	-576.6834	-5.766834
391.7029	-579.8277	-5.798277
392.1851	-582.9719	-5.829719
392.6673	-586.1162	-5.861162
393.147	-586.1207	-5.861207
393.6267	-586.1252	-5.861252
394.1065	-586.1297	-5.861297
394.5862	-586.1343	-5.861343
395.066	-586.1388	-5.861388
395.5432	-583.0035	-5.830035
396.023	-583.0081	-5.830081
396.5027	-583.0126	-5.830126
396.98	-579.8774	-5.798774
396.9824	-583.0171	-5.830171
397.4573	-576.7421	-5.767421
397.9346	-573.6069	-5.736069
397.937	-576.7467	-5.767467
398.4119	-570.4717	-5.704717
398.8867	-564.1967	-5.641967
398.8891	-567.3365	-5.673365
399.3591	-554.782	-5.54782
399.3615	-557.9218	-5.579218
399.364	-561.0615	-5.610615
399.8364	-551.6468	-5.516468
400.3137	-548.5116	-5.485116
400.7885	-542.2366	-5.422366
400.791	-545.3764	-5.453764
401.2658	-539.1014	-5.391014
401.7406	-532.8264	-5.328264
401.7431	-535.9662	-5.359662
402.2155	-526.5515	-5.265515
402.2179	-529.6912	-5.296912
402.6928	-523.4163	-5.234163
403.17	-520.281	-5.20281
403.6424	-510.8663	-5.108663
403.6449	-514.0061	-5.140061
403.6473	-517.1458	-5.171458
404.1197	-507.7311	-5.077311
404.597	-504.5959	-5.045959
405.0767	-504.6004	-5.046004
405.554	-501.4652	-5.014652
406.0338	-501.4697	-5.014697
406.5111	-498.3345	-4.983345
406.9908	-498.339	-4.98339
407.4705	-498.3435	-4.983435
407.9503	-498.348	-4.98348
408.43	-498.3526	-4.983526
408.9097	-498.3571	-4.983571
409.387	-495.2219	-4.952219
409.8643	-492.0866	-4.920866
410.344	-492.0912	-4.920912
410.8213	-488.9559	-4.889559
411.3011	-488.9604	-4.889604
411.7808	-488.965	-4.88965
412.2605	-488.9695	-4.889695
412.7403	-488.974	-4.88974
413.2176	-485.8388	-4.858388
413.22	-488.9785	-4.889785
413.6973	-485.8433	-4.858433
414.1746	-482.7081	-4.827081
414.6543	-482.7126	-4.827126
415.134	-482.7171	-4.827171
415.6138	-482.7216	-4.827216
416.0935	-482.7262	-4.827262
416.5732	-482.7307	-4.827307
417.053	-482.7352	-4.827352
417.5327	-482.7397	-4.827397
418.0125	-482.7442	-4.827442
418.4922	-482.7487	-4.827487
418.9695	-479.6135	-4.796135
419.4492	-479.618	-4.79618
419.9289	-479.6226	-4.796226
420.4087	-479.6271	-4.796271
420.8884	-479.6316	-4.796316
421.3682	-479.6361	-4.796361
421.8479	-479.6406	-4.796406
422.3276	-479.6452	-4.796452
422.8098	-482.7894	-4.827894
423.2895	-482.7939	-4.827939
423.7693	-482.7985	-4.827985
424.249	-482.803	-4.82803
424.7287	-482.8075	-4.828075
425.206	-479.6723	-4.796723
425.6833	-476.537	-4.76537
426.1606	-473.4018	-4.734018
426.1631	-476.5416	-4.765416
426.6379	-470.2666	-4.702666
427.1176	-470.2711	-4.702711
427.5925	-463.9962	-4.639962
427.5949	-467.1359	-4.671359
428.5495	-460.8655	-4.608655
429.0268	-457.7302	-4.577302
429.5041	-454.595	-4.54595
429.9838	-454.5995	-4.545995
430.4635	-454.6041	-4.546041
430.9433	-454.6086	-4.546086
431.4206	-451.4733	-4.514733
431.9003	-451.4779	-4.514779
432.38	-451.4824	-4.514824
432.8598	-451.4869	-4.514869
433.3395	-451.4914	-4.514914
433.8192	-451.4959	-4.514959
434.299	-451.5005	-4.515005
434.7787	-451.505	-4.51505
435.2584	-451.5095	-4.515095
435.7382	-451.514	-4.51514
436.2179	-451.5185	-4.515185
436.6976	-451.5231	-4.515231
437.1749	-448.3878	-4.483878
437.6547	-448.3924	-4.483924
438.1344	-448.3969	-4.483969
438.6141	-448.4014	-4.484014
439.0939	-448.4059	-4.484059
439.5736	-448.4104	-4.484104
440.0509	-445.2752	-4.452752
440.5306	-445.2797	-4.452797
441.0104	-445.2842	-4.452842
441.4901	-445.2888	-4.452888
441.9674	-442.1535	-4.421535
441.9698	-445.2933	-4.452933
442.4471	-442.1581	-4.421581
442.9244	-439.0228	-4.390228
443.4041	-439.0274	-4.390274
443.8839	-439.0319	-4.390319
444.3636	-439.0364	-4.390364
444.8433	-439.0409	-4.390409
445.3255	-442.1852	-4.421852
445.8077	-445.3294	-4.453294
446.2899	-448.4737	-4.484737
446.7721	-451.6179	-4.516179
446.7745	-454.7577	-4.547577
446.777	-457.8974	-4.578974
447.2591	-461.0417	-4.610417
447.2616	-464.1814	-4.641814
447.7438	-467.3257	-4.673257
447.7462	-470.4654	-4.704654
448.2284	-473.6097	-4.736097
448.2309	-476.7494	-4.767494
448.2333	-479.8892	-4.798892
448.2358	-483.0289	-4.830289
448.2382	-486.1686	-4.861686
448.7204	-489.3129	-4.893129
449.2026	-492.4572	-4.924572
449.205	-495.5969	-4.955969
449.6872	-498.7412	-4.987412
449.6896	-501.8809	-5.018809
449.6921	-505.0206	-5.050206
450.1743	-508.1649	-5.081649
450.654	-508.1694	-5.081694
451.1362	-511.3137	-5.113137
451.1386	-514.4534	-5.144534
451.6184	-514.4579	-5.144579
452.1006	-517.6022	-5.176022
452.5803	-517.6067	-5.176067
453.06	-517.6112	-5.176112
453.5398	-517.6158	-5.176158
453.5422	-520.7555	-5.207555
454.0219	-520.76	-5.2076
454.5017	-520.7645	-5.207645
454.5041	-523.9043	-5.239043
454.9863	-527.0485	-5.270485
455.466	-527.0531	-5.270531
455.9482	-530.1973	-5.301973
456.4304	-533.3416	-5.333416
456.9101	-533.3461	-5.333461
457.3923	-536.4904	-5.364904
457.8721	-536.4949	-5.364949
458.3542	-539.6391	-5.396391
458.834	-539.6436	-5.396436
458.8364	-542.7834	-5.427834
459.3186	-545.9276	-5.459276
459.8008	-549.0719	-5.490719
460.2805	-549.0764	-5.490764
460.283	-552.2162	-5.522162
460.2854	-555.3559	-5.553559
460.7676	-558.5002	-5.585002
461.2498	-561.6444	-5.616444
461.2522	-564.7842	-5.647842
461.7344	-567.9284	-5.679284
461.7369	-571.0682	-5.710682
462.219	-574.2124	-5.742124
462.7012	-577.3567	-5.773567
463.1834	-580.5009	-5.805009
463.1859	-583.6407	-5.836407
463.1883	-586.7804	-5.867804
463.1908	-589.9202	-5.899202
463.6729	-593.0644	-5.930644
464.1551	-596.2087	-5.962087
464.1576	-599.3484	-5.993484
464.16	-602.4882	-6.024882
464.6422	-605.6324	-6.056324
464.6446	-608.7722	-6.087722
465.1268	-611.9164	-6.119164
465.1293	-615.0562	-6.150562
465.6115	-618.2004	-6.182004
465.6139	-621.3402	-6.213402
466.0961	-624.4844	-6.244844
466.0985	-627.6242	-6.276242
466.101	-630.7639	-6.307639
466.5832	-633.9082	-6.339082
466.5856	-637.0479	-6.370479
466.5881	-640.1876	-6.401876
467.0702	-643.3319	-6.433319
467.0727	-646.4716	-6.464716
467.0751	-649.6114	-6.496114
467.0776	-652.7511	-6.527511
467.5598	-655.8954	-6.558954
467.5622	-659.0351	-6.590351
468.0444	-662.1794	-6.621794
468.0468	-665.3191	-6.653191
468.529	-668.4634	-6.684634
468.5315	-671.6031	-6.716031
469.0137	-674.7474	-6.747474
469.0161	-677.8871	-6.778871
469.0186	-681.0269	-6.810269
469.021	-684.1666	-6.841666
469.0234	-687.3063	-6.873063
469.5056	-690.4506	-6.904506
469.5081	-693.5903	-6.935903
469.5105	-696.7301	-6.967301
469.513	-699.8698	-6.998698
469.5154	-703.0096	-7.030096
469.9976	-706.1538	-7.061538
470.4798	-709.2981	-7.092981
470.4822	-712.4378	-7.124378
470.9644	-715.5821	-7.155821
471.4466	-718.7263	-7.187263
471.449	-721.8661	-7.218661
471.9312	-725.0103	-7.250103
472.4134	-728.1546	-7.281546
472.4159	-731.2943	-7.312943
472.8956	-731.2989	-7.312989
473.3753	-731.3034	-7.313034
473.8575	-734.4476	-7.344476
474.3397	-737.5919	-7.375919
474.3421	-740.7316	-7.407316
474.8219	-740.7362	-7.407362
475.3016	-740.7407	-7.407407
475.7838	-743.8849	-7.438849
475.7862	-747.0247	-7.470247
476.2684	-750.1689	-7.501689
476.7482	-750.1735	-7.501735
477.2303	-753.3177	-7.533177
477.7101	-753.3222	-7.533222
478.1923	-756.4665	-7.564665
478.6744	-759.6107	-7.596107
479.1542	-759.6153	-7.596153
479.6364	-762.7595	-7.627595
480.1185	-765.9038	-7.659038
480.6007	-769.048	-7.69048
481.0805	-769.0526	-7.690526
481.5626	-772.1968	-7.721968
482.0424	-772.2013	-7.722013
482.5246	-775.3456	-7.753456
483.0067	-778.4899	-7.784899
483.4889	-781.6341	-7.816341
483.9687	-781.6386	-7.816386
484.4508	-784.7829	-7.847829
484.9306	-784.7874	-7.847874
484.933	-787.9272	-7.879272
485.4152	-791.0714	-7.910714
485.4177	-794.2112	-7.942112
485.8998	-797.3554	-7.973554
486.382	-800.4997	-8.004997
486.3845	-803.6394	-8.036394
486.3869	-806.7792	-8.067792
486.3894	-809.9189	-8.099189
486.3918	-813.0586	-8.130586
486.874	-816.2029	-8.162029
486.8764	-819.3426	-8.193426
486.8789	-822.4824	-8.224824
486.8862	-831.9016	-8.319016
486.8887	-835.0413	-8.350413
486.8911	-838.1811	-8.381811
487.3611	-825.6266	-8.256266
487.3635	-828.7664	-8.287664
487.3733	-841.3253	-8.413253
487.3758	-844.4651	-8.444651
487.3782	-847.6048	-8.476048
487.3806	-850.7446	-8.507446
487.3831	-853.8843	-8.538843
487.3855	-857.024	-8.57024
487.8677	-860.1683	-8.601683
487.8702	-863.308	-8.63308
487.8726	-866.4478	-8.664478
487.8751	-869.5875	-8.695875
488.3548	-869.592	-8.69592
488.8345	-869.5966	-8.695966
488.837	-872.7363	-8.727363
488.8394	-875.876	-8.75876
488.8419	-879.0158	-8.790158
489.3241	-882.16	-8.8216
489.3265	-885.2998	-8.852998
489.8087	-888.444	-8.88444
489.8111	-891.5838	-8.915838
490.2933	-894.728	-8.94728
490.2958	-897.8678	-8.978678
490.778	-901.012	-9.01012
491.2577	-901.0166	-9.010166
491.7374	-901.0211	-9.010211
492.2172	-901.0256	-9.010256
492.6969	-901.0301	-9.010301
493.1766	-901.0346	-9.010346
493.6564	-901.0391	-9.010391
494.1361	-901.0437	-9.010437
494.6158	-901.0482	-9.010482
495.098	-904.1924	-9.041924
495.5802	-907.3367	-9.073367
496.0599	-907.3412	-9.073412
496.5421	-910.4855	-9.104855
496.5446	-913.6252	-9.136252
496.547	-916.765	-9.16765
497.0292	-919.9092	-9.199092
497.0316	-923.049	-9.23049
497.5138	-926.1932	-9.261932
497.5163	-929.333	-9.29333
497.9985	-932.4772	-9.324772
498.4831	-938.7612	-9.387612
498.9653	-941.9055	-9.419055
498.9677	-945.0452	-9.450452
499.4474	-945.0497	-9.450497
499.4499	-948.1895	-9.481895
499.9247	-941.9145	-9.419145
500.3996	-935.6396	-9.356396
500.402	-938.7793	-9.387793
500.872	-926.2249	-9.262249
500.8744	-929.3646	-9.293646
500.8769	-932.5043	-9.325043
501.3395	-910.5307	-9.105307
501.3419	-913.6704	-9.136704
501.3444	-916.8102	-9.168102
501.3468	-919.9499	-9.199499
501.3493	-923.0896	-9.230896
501.807	-894.8365	-8.948365
501.8094	-897.9762	-8.979762
501.8119	-901.116	-9.01116
501.8143	-904.2557	-9.042557
501.8168	-907.3954	-9.073954
502.2745	-879.1423	-8.791423
502.2769	-882.282	-8.82282
502.2794	-885.4218	-8.854218
502.2818	-888.5615	-8.885615
502.2842	-891.7013	-8.917013
502.7444	-866.5879	-8.665879
502.7468	-869.7276	-8.697276
502.7493	-872.8673	-8.728673
502.7517	-876.0071	-8.760071
503.2143	-854.0334	-8.540334
503.2168	-857.1732	-8.571732
503.2192	-860.3129	-8.603129
503.2217	-863.4526	-8.634526
503.6843	-841.479	-8.41479
503.6867	-844.6187	-8.446187
503.6892	-847.7585	-8.477585
503.6916	-850.8982	-8.508982
504.1493	-822.645	-8.22645
504.1518	-825.7848	-8.257848
504.1542	-828.9245	-8.289245
504.1567	-832.0643	-8.320643
504.1591	-835.204	-8.35204
504.1616	-838.3438	-8.383438
504.6144	-803.8111	-8.038111
504.6168	-806.9509	-8.069509
504.6193	-810.0906	-8.100906
504.6217	-813.2303	-8.132303
504.6242	-816.3701	-8.163701
504.6266	-819.5098	-8.195098
505.0892	-797.5362	-7.975362
505.0917	-800.6759	-8.006759
505.5665	-794.4009	-7.944009
506.0438	-791.2657	-7.912657
506.5211	-788.1305	-7.881305
506.5235	-791.2702	-7.912702
506.9984	-784.9953	-7.849953
507.4781	-784.9998	-7.849998
507.9578	-785.0043	-7.850043
508.4376	-785.0088	-7.850088
508.9149	-781.8736	-7.818736
509.3922	-778.7384	-7.787384
509.8694	-775.6032	-7.756032
510.3443	-769.3282	-7.693282
510.3467	-772.4679	-7.724679
510.824	-769.3327	-7.693327
511.2989	-763.0578	-7.630578
511.3013	-766.1975	-7.661975
511.7761	-759.9225	-7.599225
512.2534	-756.7873	-7.567873
512.2559	-759.9271	-7.599271
512.7307	-753.6521	-7.536521
513.208	-750.5169	-7.505169
513.6853	-747.3817	-7.473817
514.1626	-744.2464	-7.442464
514.6423	-744.2509	-7.442509
515.1196	-741.1157	-7.411157
515.5993	-741.1202	-7.411202
516.0791	-741.1248	-7.411248
516.5588	-741.1293	-7.411293
517.0385	-741.1338	-7.411338
517.5183	-741.1383	-7.411383
517.998	-741.1428	-7.411428
518.4777	-741.1474	-7.411474
518.9575	-741.1519	-7.411519
519.4397	-744.2961	-7.442961
519.9194	-744.3007	-7.443007
520.3991	-744.3052	-7.443052
520.8813	-747.4494	-7.474494
521.3611	-747.454	-7.47454
521.8432	-750.5982	-7.505982
522.323	-750.6027	-7.506027
522.8052	-753.747	-7.53747
523.2849	-753.7515	-7.537515
523.7671	-756.8958	-7.568958
523.7695	-760.0355	-7.600355
524.2493	-760.04	-7.6004
524.729	-760.0445	-7.600445
525.2112	-763.1888	-7.631888
525.6934	-766.3331	-7.663331
526.1755	-769.4773	-7.694773
526.6553	-769.4818	-7.694818
527.1375	-772.6261	-7.726261
527.6172	-772.6306	-7.726306
528.0994	-775.7749	-7.757749
528.5816	-778.9191	-7.789191
529.0613	-778.9237	-7.789237
529.5435	-782.0679	-7.820679
530.0257	-785.2122	-7.852122
530.5054	-785.2167	-7.852167
530.9876	-788.361	-7.88361
531.4698	-791.5052	-7.915052
531.9495	-791.5097	-7.915097
532.4292	-791.5142	-7.915142
532.9114	-794.6585	-7.946585
533.3936	-797.8028	-7.978028
533.8758	-800.947	-8.00947
534.358	-804.0913	-8.040913
534.8377	-804.0958	-8.040958
535.3199	-807.2401	-8.072401
535.8021	-810.3843	-8.103843
536.2818	-810.3888	-8.103888
536.764	-813.5331	-8.135331
537.2462	-816.6774	-8.166774
537.7259	-816.6819	-8.166819
538.2081	-819.8261	-8.198261
538.6903	-822.9704	-8.229704
539.17	-822.9749	-8.229749
539.6497	-822.9794	-8.229794
540.1319	-826.1237	-8.261237
540.6141	-829.268	-8.29268
541.0938	-829.2725	-8.292725
541.576	-832.4167	-8.324167
541.5785	-835.5565	-8.355565
542.0582	-835.561	-8.35561
542.5404	-838.7052	-8.387052
543.0201	-838.7098	-8.387098
543.5023	-841.854	-8.41854
543.982	-841.8585	-8.418585
544.4642	-845.0028	-8.450028
544.9439	-845.0073	-8.450073
545.4261	-848.1516	-8.481516
545.9059	-848.1561	-8.481561
546.3856	-848.1606	-8.481606
546.8653	-848.1651	-8.481651
547.3426	-845.0299	-8.450299
547.8223	-845.0344	-8.450344
548.3021	-845.039	-8.45039
548.7818	-845.0435	-8.450435
549.2616	-845.048	-8.45048
549.7413	-845.0525	-8.450525
550.221	-845.057	-8.45057
550.7008	-845.0615	-8.450615
551.1805	-845.0661	-8.450661
551.6602	-845.0706	-8.450706
552.14	-845.0751	-8.450751
552.6197	-845.0796	-8.450796
553.0994	-845.0841	-8.450841
553.5792	-845.0887	-8.450887
554.0589	-845.0932	-8.450932
554.5386	-845.0977	-8.450977
555.0184	-845.1022	-8.451022
555.4981	-845.1067	-8.451067
555.9778	-845.1113	-8.451113
556.4576	-845.1158	-8.451158
556.9373	-845.1203	-8.451203
557.417	-845.1248	-8.451248
557.8968	-845.1293	-8.451293
558.3765	-845.1338	-8.451338
558.8562	-845.1384	-8.451384
559.336	-845.1429	-8.451429
559.8157	-845.1474	-8.451474
