570	90	0	23	1.0128	0.63	1	1	1	0.8132	1.12	0.56185567	0.031993734	-0.4	-7.323	1	0.75	17.41899159	14.10104809	22.65513604	-3.870276821	-8.183786622	0.557238682	0.683225668	0.243943132
560	90	0	23.1	1.0196	0.63	0.95	1	1	0.8132	1.12	0.56185567	0.031993734	-0.4	-7.323	1.04	0.75	18.14562133	14.4077537	23.6001905	-3.658649947	-8.092081644	0.582690681	0.676624074	0.232479085
550	90	0	25.3	1.0244	0.63	0.9	1	1	0.8132	1.12	0.56185567	0.040703164	-0.4	-7.323	1.2	0.75	19.84403356	14.9248298	25.80914502	-3.301867441	-7.937475891	0.570331921	0.667718037	0.224650559
540	90	0	27.7	1.0272	0.63	0.85	0.99	1	0.8132	1.12	0.56185567	0.02612829	0.6	-7.323	1.35	0.75	22.187814	15.53784106	28.85746525	-2.878889669	-7.754185523	0.566424702	0.659398758	0.220933366
530	89	0	33.1	1.0283	1.05	0.66	0.961	1	0.82035	1.12	0.626440267	0.028706285	0.6	-5.9985	1.59	0.75	20.88451287	16.73016349	27.16239214	-2.056187191	-7.397681116	0.60419687	0.65025213	0.215745606
520	89	0	32.7	1.0277	1.05	0.64	0.932	1	0.8275	1.12	0.691024864	0.03128428	0.6	-4.674	1.7	0.75	17.79776996	17.49227703	23.14777509	-1.530328852	-7.169809169	0.590746706	0.620514957	0.194936753
510	89	-0.5	35.3	1.0254	0.97	0.66	0.902	1	0.83465	1.1	0.75560946	0.030325998	1.1	-3.3495	1.62	0.75	14.3935153	18.02776908	18.72020235	-1.160839335	-7.009697045	0.585178293	0.600799003	0.182886153
500	89	-1	36.1	1.0217	0.99	0.65	0.873	1	0.8418	1.07	0.820194057	0.028902606	2.1	-2.025	1.52	0.75	11.58701935	18.54336518	15.07007442	-0.805078027	-6.855533812	0.585419478	0.591477354	0.180378296
490	87	-1	34	1.0165	0.99	0.65	0.89	1	0.826566667	1.03	0.847786537	0.029208767	3.1	-1.985	1.5	0.75	10.0620054	18.10241486	13.08664167	-1.109333743	-6.987377955	0.614637846	0.583183951	0.176507586
480	85	-1	30.5	1.0101	0.99	0.62	0.906	1	0.811333333	0.96	0.875379018	0.029514928	3.9	-1.945	1.49	0.75	9.085694687	17.83049201	11.8168522	-1.296960511	-7.068682888	0.643556629	0.575313623	0.172740767
470	82	-1	27.4	1.0023	1.07	0.62	0.923	1	0.7961	0.92	0.902971498	0.029180872	4.6	-1.905	1.5	0.75	8.129557983	17.51905683	10.57330105	-1.511850784	-7.161802007	0.699897116	0.567443294	0.17033702
460	80	0	25.4	0.9934	1.07	0.62	0.83	1	0.8165	0.9	0.94633111	0.027631331	5.8	-1.845	1.52	0.75	6.979933816	17.04899073	9.07810015	-1.836196398	-7.302351772	0.699357461	0.535620853	0.15443395
450	78	0	26	0.9833	1.15	0.67	0.737	1	0.8369	1	0.989690722	0.026081789	4.6	-1.785	1.52	0.75	7.264319364	17.41165811	9.447971921	-1.585955906	-7.193914226	0.717603785	0.495209546	0.135100778
440	79	0.7	27	0.9723	1.43	0.63	0.755	1	0.8412	1.1	0.946482717	0.024532248	2.6	-2.445	1.55	0.75	7.446561533	16.98872301	9.68499604	-1.87778112	-7.320371819	0.674619626	0.485285001	0.136090563
430	81	1	27.6	0.9603	1.43	0.62	0.773	1	0.8455	1.31	1.076106731	0.022982706	0.1	-0.465	1.55	0.75	5.600303402	17.86533931	7.283753183	-1.272915878	-7.058263547	0.603145295	0.48183536	0.134459295
420	86	1.5	26.5	0.9475	1.54	0.74	0.791	1	0.837933333	1.28	1.083282798	0.022486505	-1.9	-0.904	1.53	0.75	7.294963042	18.70035091	9.487827081	-0.696757872	-6.808595078	0.411827401	0.442399142	0.120984104
410	87	2	23.6	0.9339	1.63	0.74	0.809	1	0.830366667	1.25	1.090458864	0.022410168	-0.9	-1.343	1.48	0.75	7.47083858	18.49428404	9.716570761	-0.838944016	-6.870209074	0.321781225	0.421739181	0.115266741
400	85	0.5	21.7	0.9196	1.63	0.74	0.827	1	0.8228	1.23	1.09763493	0.022333831	0.1	-1.782	1.38	0.75	7.928200982	18.44227863	10.31141618	-0.874827744	-6.885758689	0.553541159	0.414585825	0.113673475
390	80	1.5	21.2	0.9047	1.47	0.72	0.787	1	0.8257	1.22	1.123913483	0.022257495	1.1	-0.577333333	1.36	0.75	4.040704389	16.85960969	5.255339104	-1.966869317	-7.358976704	0.721398623	0.423532015	0.117172284
380	78	1	21.2	0.8892	1.47	0.69	0.747	1	0.8286	1.21	1.150192036	0.022181158	1	0.627333333	1.38	0.75	4.707292714	18.85497318	6.12230371	-0.590068504	-6.762363018	0.698280852	0.434719554	0.126159513
370	82	1	20.3	0.8734	1.47	0.69	0.707	1	0.8315	1.21	1.176470588	0.022104821	0.9	1.832	1.4	0.75	3.071672972	18.34184559	3.995017087	-0.944126544	-6.915788169	0.559605378	0.416778957	0.118302034
360	82	1.4	19.5	0.8571	1.4	0.7	0.736	1	0.8391	1.21	1.170002021	0.020536175	0.7	1.229666667	1.43	0.75	2.246473194	16.51524848	2.921762466	-2.20447855	-7.461940705	0.532723218	0.397965634	0.109449073
350	78	2.8	17	0.8407	1.41	0.73	0.766	1	0.8467	1.21	1.163533455	0.01896753	0.6	0.627333333	1.43	0.75	0.792670271	11.53413249	1.030946753	-5.641448584	-8.951294387	0.665209235	0.379152311	0.100596112
340	75	2.9	15.8	0.824	1.41	0.76	0.796	1	0.8543	1.21	1.157064888	0.019256534	0.5	0.025	1.28	0.75	1.05186272	12.28608468	1.368052386	-5.122601572	-8.726460681	0.698006533	0.360338988	0.096271359
330	78	2.5	14.7	0.8074	1.41	0.77	0.8	1	0.85715	1.19	1.152440873	0.020084856	0.6	0.2245	1.07	0.75	0.832466672	12.26563696	1.082705942	-5.136710501	-8.73257455	0.616420984	0.35260619	0.096447546
320	81	3.2	14.9	0.7907	1.41	0.79	0.803	1	0.86	1.15	1.147816859	0.020513215	0.6	0.424	1.07	0.75	0.907167872	13.33882371	1.179862304	-4.396211641	-8.411691711	0.420295504	0.345937904	0.096623732
310	82	4	14.2	0.7743	1.45	0.8	0.807	1	0.86285	1.14	1.143192844	0.019341722	0.7	0.6235	1.14	0.75	0.951665214	14.08265582	1.237735536	-3.882967486	-8.189285911	0.296033169	0.339269619	0.096799918
300	82	4.4	13.7	0.758	1.45	0.8	0.81	1	0.8657	1.13	1.13856883	0.023074333	0.9	0.823	1.21	0.75	0.97252294	14.59964924	1.264863089	-3.526242026	-8.034704878	0.327893776	0.332601333	0.095482126
290	83	4.7	12.8	0.7422	1.45	0.8	0.848	1	0.7896	1.1	0.987265009	0.026806944	1.1	1.1065	1.21	0.75	1.162036503	16.55408101	1.511344381	-2.177684101	-7.450329777	0.319674166	0.321876571	0.093554325
280	82	4.4	13	0.7269	1.31	0.81	0.886	1	0.7135	1.08	0.835961189	0.033520816	1.3	1.39	1.07	0.75	1.127469406	16.70600296	1.466386423	-2.072857957	-7.404905115	0.437910845	0.310579611	0.091626524
270	77	4.7	14.4	0.7122	1.31	0.81	0.918	1	0.71275	1.02	0.788963008	0.040234688	1.5	0.7155	1.1	0.75	0.960747543	14.77617353	1.249548011	-3.404440265	-7.981924115	0.656125272	0.299282651	0.089698723
260	71	4	16.2	0.6983	1.31	0.84	0.949	1	0.712	0.97	0.741964827	0.041422301	1.8	0.041	1.14	0.75	1.112123613	15.49802529	1.446427689	-2.906362551	-7.766090439	0.815439361	0.28758843	0.087770922
250	73	1	19.2	0.6853	1.43	0.86	0.967	1	0.6966	0.96	0.644329897	0.042609915	1.9	-0.710333333	1.11	0.75	4.558698517	19.06619912	5.929042135	-0.444322608	-6.699206463	0.72199523	0.275873502	0.089544388
240	75	2	20.4	0.6733	1.36	0.89	0.971	1	0.68528	0.94	0.577926016	0.043797529	1.7	-0.5714	1.09	0.75	4.093220587	18.86880026	5.323641657	-0.580527821	-6.758228723	0.676075	0.264158575	0.096760847
230	78	2.5	20.5	0.6625	1.39	0.88	0.972	1	0.67804	0.96	0.542753184	0.044985143	1.7	0.4578	1.1	0.75	3.774102672	19.67651658	4.908596977	-0.023203558	-6.516721542	0.511175552	0.265878607	0.107648003
220	78	3.5	19.3	0.6531	1.23	0.9	0.971	1	0.6708	0.98	0.507580352	0.047101981	1.7	1.487	1.12	0.75	2.580719084	19.19045946	3.356482586	-0.358582972	-6.662052621	0.462990836	0.282515254	0.136551785
210	78	2.5	18.1	0.6451	1.23	0.9	0.968	1	0.68915	1.01	0.669193451	0.049218819	1.8	2.3375	1.14	0.75	2.24735294	19.57214483	2.922906663	-0.095220067	-6.547928695	0.537363201	0.279924668	0.130926243
200	75	2	17.9	0.6388	1.36	0.91	0.965	1	0.7075	1.02	0.830806549	0.051335658	1.8	3.188	1.1	0.75	1.20261094	17.84629922	1.564115484	-1.286053539	-7.063956534	0.709656639	0.273162649	0.120643365
190	76	1.06	17.8	0.6342	1.36	0.91	0.937	1	0.717	1.03	0.830806549	0.05262826	1.6	3.9155	1.09	0.75	1.388086171	19.32440521	1.805344522	-0.266160405	-6.622002842	0.629817286	0.261574724	0.110360488
180	75	1.22	17.7	0.6315	1.25	0.89	0.909	1	0.7265	1.05	0.830806549	0.053920861	1.3	4.643	1.14	0.75	1.027445598	18.8796244	1.336295484	-0.573059166	-6.754992305	0.647290037	0.245180871	0.10007761
170	69	1.38	17.3	0.6309	1.25	0.87	0.914	1	0.745871429	1.1	0.868664992	0.055213463	1	3.916428571	1.21	0.75	0.768251895	17.02464548	0.99918822	-1.852994616	-7.309631	0.855629771	0.239072732	0.103444605
160	68	1.54	17.4	0.6324	1.25	0.85	0.922	1	0.765242857	1.12	0.906523434	0.055843643	0.7	3.189857143	1.27	0.75	0.834955757	16.78825962	1.085943246	-2.016100864	-7.380310374	0.812466301	0.246388513	0.11112374
150	69	1.7	16.5	0.6362	1.24	0.83	0.93	1	0.784614286	1.13	0.944381876	0.056473823	0.4	2.463285714	1.27	0.75	0.907530398	16.55225139	1.180333806	-2.178946538	-7.450876833	0.744864194	0.251970956	0.116116332
140	71	1.2	17.1	0.6424	1.04	0.84	0.928	1	0.809666667	1.15	0.996563574	0.057104002	0	2.1835	1.267	0.767	1.144119298	17.40494909	1.488041269	-1.590585125	-7.195920221	0.660262125	0.24905452	0.117281056
130	73	2	17.3	0.651	1.04	0.86	0.9	1	0.8404	1.17	1.063068526	0.056086113	-0.4	2.3505	1.483	0.783	1.174638842	17.81571293	1.527734979	-1.307158078	-7.073101834	0.56471387	0.246138084	0.11844578
120	72	2.5	16.4	0.6622	1.04	0.88	0.873	1	0.871133333	1.18	1.129573479	0.055068223	-0.5	2.5175	1.657	0.8	1.037378933	17.57471467	1.349214777	-1.473446874	-7.145160312	0.611782992	0.243829422	0.119610504
110	73	2.7	15.7	0.6759	1.04	0.85	0.846	1	0.888	1.18	1.166889024	0.052402062	-0.7	3.0702	1.723	0.817	0.992299265	18.06495188	1.290584172	-1.135183206	-6.998579389	0.58766779	0.242820267	0.120775227
100	74	2.6	17.4	0.6923	1.04	0.82	0.819	1	0.891	1.18	1.175015161	0.049735901	-0.9	4.0086	1.643	0.833	0.82859156	18.35283396	1.077665973	-0.936544568	-6.912502646	0.577541935	0.241811111	0.122428702
90	75.16666667	2.5	18.5	0.7113	0.88	0.81	0.843	1	0.894	1.19	1.183141298	0.050252982	-1.1	4.947	1.397	0.85	0.549354404	17.64228666	0.714490198	-1.426822204	-7.124956288	0.565951759	0.241380267	0.125023901
80	76.16666667	2.4	18.4	0.7329	0.88	0.79	0.893	1	0.87495	1.19	1.192692541	0.050770063	-1.2	4.28	1.333	0.867	0.532606921	16.97111323	0.692708426	-1.889931869	-7.325637143	0.564970637	0.241600405	0.1276191
70	78	2.4	18.9	0.7572	0.88	0.87	0.943	1	0.8559	1.2	1.202243784	0.051287144	-1.4	3.613	1.34	0.883	0.579109207	16.79623057	0.753189288	-2.010600906	-7.377927059	0.5327527	0.225161726	0.123145935
60	78.5	2.3	18.3	0.7842	1.26	0.94	0.971	1	0.887733333	1.15	1.190115221	0.045954821	-0.8	2.016888889	1.353	0.9	0.711479847	16.2209064	0.925350509	-2.407574586	-7.549948987	0.536149018	0.212836396	0.12018436
50	78	2.2	18.9	0.8138	1.1	0.92	0.999	1	0.907509091	1.1	1.181956006	0.040622498	0.1	0.685181818	1.427	0.917	0.808339682	15.57144023	1.051326386	-2.855706244	-7.744139372	0.590582731	0.222904678	0.130148067
40	78.33333333	2.2	22.2	0.846	1.1	0.91	1.043	1	0.879054545	1.08	1.189674183	0.035290176	0.1	0.411090909	1.247	0.933	0.669651878	14.33325285	0.870949063	-3.710055533	-8.114357398	0.594432508	0.225360421	0.135203021
30	80.83333333	2.2	21.8	0.8807	1.29	1	1.087	1	0.8506	1.06	1.197392359	0.029957853	0.1	0.137	1.057	0.95	0.625569367	13.59953791	0.813615359	-4.21631884	-8.333738164	0.524663835	0.224567766	0.133389207
20	85.5	2	21.9	0.918	0.99	1	1.039	1	0.849866667	1.04	1.071255306	0.029957853	0	0.045666667	0.993	0.967	0.691407502	14.50422748	0.899244421	-3.592083041	-8.063235984	0.469256052	0.218376719	0.131575394
10	89.66666667	1.7	22.1	0.9578	1	1	1.01	1	0.8495	1.02	1.005457853	0.029957853	0	0	0.98	0.983	0.774402314	15.56966741	1.007187453	-2.856929486	-7.744669444	0.41140163	0.208795472	0.128646512
0	91.25	1.5	21.8	1	1	1	1	1	0.8495	1	1	0.029957853	0	0	1	1	0.768876053	15.63749868	1	-2.810125912	-7.724387895	0.418231674	0.191414309	0.122640243
